name: p2m
channels:
  - jmcmurray
  - menpo
  - defaults
dependencies:
  - astroid=1.6.5=py27_0
  - autopep8=1.4.3=py27_0
  - backports=1.0=py27_1
  - backports.functools_lru_cache=1.5=py27_1
  - backports.weakref=1.0rc1=py27_0
  - backports_abc=0.5=py27_0
  - blas=1.0=mkl
  - bleach=1.5.0=py27_0
  - ca-certificates=2019.1.23=0
  - cairo=1.14.12=h8948797_3
  - certifi=2019.3.9=py27_0
  - configparser=3.5.0=py27_0
  - cudatoolkit=8.0=3
  - cudnn=6.0.21=cuda8.0_0
  - cycler=0.10.0=py27_0
  - dbus=1.13.6=h746ee38_0
  - enum34=1.1.6=py27_1
  - expat=2.2.6=he6710b0_0
  - fontconfig=2.13.0=h9420a91_0
  - freetype=2.9.1=h8a8886c_1
  - funcsigs=1.0.2=py27_0
  - functools32=3.2.3.2=py27_1
  - futures=3.2.0=py27_0
  - glib=2.56.2=hd408876_0
  - gst-plugins-base=1.14.0=hbbd80ab_1
  - gstreamer=1.14.0=hb453b48_1
  - harfbuzz=0.9.39=1
  - hdf5=1.8.17=2
  - html5lib=0.9999999=py27_0
  - icu=58.2=h9c2bf20_1
  - intel-openmp=2019.1=144
  - isort=4.3.4=py27_0
  - jpeg=9b=h024ee3a_2
  - json=0.1.1=0
  - kiwisolver=1.0.1=py27hf484d3e_0
  - lazy-object-proxy=1.3.1=py27h14c3975_2
  - libedit=3.1.20181209=hc058e9b_0
  - libffi=3.2.1=hd88cf55_4
  - libgcc=7.2.0=h69d50b8_2
  - libgcc-ng=8.2.0=hdf63c60_1
  - libgfortran-ng=7.3.0=hdf63c60_0
  - libpng=1.6.36=hbc83047_0
  - libprotobuf=3.6.1=hd408876_0
  - libstdcxx-ng=8.2.0=hdf63c60_1
  - libtiff=4.0.10=h2733197_2
  - libuuid=1.0.3=h1bed415_2
  - libxcb=1.13=h1bed415_1
  - libxml2=2.9.9=he19cac6_0
  - markdown=3.0.1=py27_0
  - matplotlib=2.2.3=py27hb69df0a_0
  - mccabe=0.6.1=py27_1
  - mkl=2019.1=144
  - mkl_fft=1.0.10=py27ha843d7b_0
  - mkl_random=1.0.2=py27hd81dba3_0
  - mock=2.0.0=py27_0
  - ncurses=6.1=he6710b0_1
  - numpy=1.11.3=py27h7e9f1db_12
  - numpy-base=1.11.3=py27hde5b4d6_12
  - opencv3=3.2.0=np111py27_0
  - openssl=1.1.1b=h7b6447c_1
  - pbr=5.1.1=py27_0
  - pcre=8.42=h439df22_0
  - pip=18.1=py27_0
  - pixman=0.38.0=h7b6447c_0
  - protobuf=3.6.1=py27he6710b0_0
  - pycodestyle=2.5.0=py27_0
  - pylint=1.9.2=py27_0
  - pyparsing=2.3.1=py27_0
  - pyqt=5.9.2=py27h05f1152_2
  - python=2.7.15=h9bab390_6
  - python-dateutil=2.7.5=py27_0
  - pytz=2018.9=py27_0
  - qt=5.9.7=h5867ecd_1
  - qutil=3.2.1=6
  - readline=7.0=h7b6447c_5
  - scipy=1.2.0=py27h7c811a0_0
  - setuptools=40.6.3=py27_0
  - singledispatch=3.4.0.3=py27_0
  - sip=4.19.8=py27hf484d3e_0
  - six=1.12.0=py27_0
  - sqlite=3.26.0=h7b6447c_0
  - subprocess32=3.5.3=py27h7b6447c_0
  - tensorflow-gpu=1.3.0=0
  - tensorflow-gpu-base=1.3.0=py27cuda8.0cudnn6.0_1
  - tensorflow-tensorboard=1.5.1=py27hf484d3e_1
  - tk=8.6.8=hbc83047_0
  - tornado=5.1.1=py27h7b6447c_0
  - werkzeug=0.14.1=py27_0
  - wheel=0.32.3=py27_0
  - wrapt=1.11.0=py27h7b6447c_0
  - xz=5.2.4=h14c3975_4
  - zlib=1.2.11=h7b6447c_3
  - zstd=1.3.7=h0b5b093_0
  - pip:
    - pillow==5.4.1
    - tflearn==0.3.2
prefix: /home/eralien/anaconda3/envs/p2m

